Lat(D)	Lon(D)	H(m)	BS(dB)
25.497	76.139	238.90	11.55
25.499	76.140	238.61	18.02
25.502	76.141	238.60	16.26
25.504	76.143	243.49	12.09
25.507	76.144	243.36	8.27
25.509	76.145	242.89	7.32
25.511	76.146	239.36	11.33
25.514	76.147	239.17	17.28
25.516	76.148	238.81	18.62
25.519	76.149	238.49	21.36
25.521	76.150	238.50	19.49
25.523	76.152	238.41	10.96
25.526	76.153	237.96	13.08
25.528	76.154	238.07	11.90
25.531	76.155	238.19	12.64
25.533	76.156	238.01	12.88
25.535	76.157	238.09	11.52
25.538	76.158	238.42	9.36
