Lat(D)	Lon(D)	H(m)	BS(dB)
25.498	140.925	109.60	12.45
25.500	140.926	109.63	12.53
25.503	140.927	109.56	12.59
25.505	140.928	109.58	12.57
25.508	140.929	109.63	12.66
25.510	140.930	109.53	12.68
25.512	140.931	109.69	12.61
25.515	140.932	109.59	12.52
25.517	140.934	109.63	12.59
25.520	140.935	109.51	12.47
25.522	140.936	109.68	12.56
25.524	140.937	109.61	12.55
25.527	140.938	109.69	12.47
25.529	140.939	109.62	12.59
25.532	140.940	109.54	12.71
25.534	140.941	109.57	12.59
25.536	140.943	109.49	12.71
