Lat(D)	Lon(D)	H(m)	BS(dB)
25.497	158.439	77.62	13.04
25.499	158.441	77.45	12.87
25.502	158.442	77.43	12.92
25.504	158.443	77.44	12.92
25.506	158.444	77.38	12.86
25.509	158.445	77.42	12.91
25.511	158.446	77.34	12.96
25.514	158.447	77.34	12.88
25.516	158.448	77.48	12.87
25.518	158.450	77.48	12.91
25.521	158.451	77.26	12.94
25.523	158.452	77.32	12.92
25.526	158.453	77.35	12.91
25.528	158.454	77.27	12.91
25.530	158.455	77.43	12.93
25.533	158.456	77.36	12.94
25.535	158.457	77.42	12.70
25.538	158.459	77.31	12.86
