Lat(D)	Lon(D)	H(m)	BS(dB)
25.498	353.149	503.02	28.60
25.500	353.150	503.33	28.39
25.503	353.151	503.51	28.38
25.505	353.152	503.51	30.03
25.508	353.154	503.38	29.75
25.510	353.155	503.32	31.31
25.512	353.156	503.33	32.56
25.515	353.157	503.28	32.38
25.517	353.158	504.24	31.10
25.520	353.159	505.41	29.54
25.522	353.160	506.96	27.11
25.524	353.161	507.54	26.84
25.527	353.163	507.94	27.65
25.529	353.164	508.45	27.00
25.532	353.165	508.65	28.18
25.534	353.166	508.63	28.84
25.536	353.167	508.87	28.56
