Lat(D)	Lon(D)	H(m)	BS(dB)
26.532	246.083	11.38	12.87
26.529	246.084	11.37	12.79
26.527	246.085	11.42	12.86
26.525	246.087	11.29	12.82
26.522	246.088	11.29	12.87
26.520	246.089	11.32	12.97
26.517	246.090	11.27	12.94
26.515	246.091	11.38	12.98
26.513	246.092	11.30	12.95
26.510	246.094	11.24	12.95
26.508	246.095	11.30	12.85
26.505	246.096	11.26	12.90
26.503	246.097	11.18	12.93
26.501	246.098	11.25	13.00
26.498	246.099	11.34	12.95
26.496	246.100	11.23	12.99
26.493	246.102	11.29	13.06
26.491	246.103	11.22	12.99
26.489	246.104	11.28	12.95
26.486	246.105	11.21	12.94
26.484	246.106	11.36	12.99
26.481	246.107	11.22	12.99
26.479	246.108	11.28	12.92
26.477	246.110	11.36	12.93
26.474	246.111	11.29	12.90
26.472	246.112	11.35	12.90
26.469	246.113	11.25	12.83
26.467	246.114	11.25	13.00
26.465	246.115	11.28	12.85
26.462	246.116	11.28	13.11
26.460	246.118	11.33	12.89
26.457	246.119	11.39	13.01
26.455	246.120	11.33	12.97
