Lat(D)	Lon(D)	H(m)	BS(dB)
26.532	135.258	88.93	12.15
26.530	135.259	88.73	12.17
26.527	135.260	88.72	12.10
26.525	135.261	88.83	12.10
26.523	135.262	88.65	12.16
26.520	135.264	88.72	12.18
26.518	135.265	88.67	12.33
26.515	135.266	88.74	12.22
26.513	135.267	88.83	12.26
26.511	135.268	88.75	12.22
26.508	135.269	88.87	12.16
26.506	135.270	88.66	12.11
26.503	135.272	88.96	12.24
26.501	135.273	88.82	12.22
26.499	135.274	88.92	12.11
26.496	135.275	88.68	12.18
26.494	135.276	88.64	12.25
26.491	135.277	88.87	12.06
26.489	135.278	88.83	12.25
26.487	135.280	88.99	12.11
26.484	135.281	88.84	12.10
26.482	135.282	88.77	12.19
26.479	135.283	88.79	12.16
26.477	135.284	88.93	12.17
26.475	135.285	88.82	12.15
26.472	135.286	88.84	12.33
26.470	135.288	88.87	12.29
26.467	135.289	88.85	12.31
26.465	135.290	88.95	12.06
26.463	135.291	88.85	12.11
26.460	135.292	88.95	12.18
26.458	135.293	88.64	12.14
26.455	135.294	88.86	12.23
