Lat(D)	Lon(D)	H(m)	BS(dB)
26.533	162.200	55.83	12.07
26.531	162.201	55.82	11.94
26.528	162.202	55.83	12.09
26.526	162.203	55.82	11.92
26.524	162.204	55.68	12.12
26.521	162.205	55.81	12.08
26.519	162.206	55.90	11.93
26.517	162.208	56.04	11.89
26.514	162.209	56.04	11.95
26.512	162.210	55.95	12.12
26.509	162.211	55.99	12.01
26.507	162.212	55.98	12.01
26.505	162.213	55.90	12.03
26.502	162.214	56.01	11.83
26.500	162.216	55.91	11.97
26.497	162.217	55.97	12.05
26.495	162.218	55.86	12.16
26.493	162.219	56.05	12.07
26.490	162.220	55.91	12.02
26.488	162.221	55.88	11.86
26.485	162.222	55.98	12.10
26.483	162.224	55.95	12.02
26.481	162.225	56.04	12.00
26.478	162.226	55.90	11.96
26.476	162.227	56.00	12.04
26.473	162.228	56.10	12.04
26.471	162.229	55.98	12.04
26.469	162.230	55.90	12.07
26.466	162.232	56.02	12.11
26.464	162.233	55.95	12.03
26.461	162.234	55.94	12.03
26.459	162.235	55.95	12.03
26.457	162.236	56.03	12.04
26.454	162.237	56.09	12.14
