Lat(D)	Lon(D)	H(m)	BS(dB)
26.533	144.151	86.98	16.01
26.531	144.152	87.03	15.89
26.528	144.153	87.04	15.69
26.526	144.155	87.06	15.91
26.523	144.156	87.11	15.72
26.521	144.157	87.07	15.83
26.519	144.158	87.13	15.85
26.516	144.159	87.13	15.85
26.514	144.160	87.17	15.78
26.512	144.161	87.12	15.95
26.509	144.163	87.28	15.95
26.507	144.164	87.25	15.96
26.504	144.165	87.27	15.92
26.502	144.166	87.23	16.04
26.500	144.167	87.28	16.05
26.497	144.168	87.25	16.01
26.495	144.169	87.32	16.21
26.492	144.171	87.37	16.08
26.490	144.172	87.35	16.09
26.488	144.173	87.36	16.13
26.485	144.174	87.53	16.07
26.483	144.175	87.40	16.18
26.480	144.176	87.43	16.20
26.478	144.177	87.44	16.32
26.476	144.179	87.47	16.43
26.473	144.180	87.53	16.38
26.471	144.181	87.51	16.30
26.468	144.182	87.58	16.17
26.466	144.183	87.52	16.49
26.464	144.184	87.51	16.41
26.461	144.185	87.55	16.41
26.459	144.187	87.59	16.42
26.456	144.188	87.55	16.56
26.454	144.189	87.62	16.50
