Lat(D)	Lon(D)	H(m)	BS(dB)
26.534	217.605	29.16	12.14
26.531	217.606	29.14	12.05
26.529	217.607	29.09	12.13
26.526	217.608	29.08	12.16
26.524	217.609	29.19	12.12
26.522	217.611	29.10	12.20
26.519	217.612	29.24	12.01
26.517	217.613	29.23	12.20
26.514	217.614	29.12	12.23
26.512	217.615	29.00	12.26
26.510	217.616	29.01	12.16
26.507	217.617	29.08	12.20
26.505	217.619	29.06	12.23
26.502	217.620	28.87	12.22
26.500	217.621	29.11	12.10
26.498	217.622	29.22	12.08
26.495	217.623	29.20	12.13
26.493	217.624	29.12	12.25
26.490	217.625	29.07	12.03
26.488	217.627	29.09	12.06
26.486	217.628	29.15	12.14
26.483	217.629	29.07	12.25
26.481	217.630	29.13	12.23
26.479	217.631	29.11	12.16
26.476	217.632	29.19	12.09
26.474	217.633	29.13	12.22
26.471	217.635	29.26	12.21
26.469	217.636	29.08	12.18
26.467	217.637	29.08	12.08
26.464	217.638	29.10	12.19
26.462	217.639	29.17	12.32
26.459	217.640	29.11	12.19
26.457	217.641	29.03	12.27
26.455	217.643	29.08	12.30
