Lat(D)	Lon(D)	H(m)	BS(dB)
26.534	236.083	4.24	13.02
26.532	236.084	4.28	12.97
26.529	236.085	4.22	12.91
26.527	236.086	4.10	12.95
26.524	236.087	4.10	13.06
26.522	236.088	4.22	12.97
26.520	236.090	4.24	13.00
26.517	236.091	4.26	12.90
26.515	236.092	4.18	13.05
26.512	236.093	4.27	12.81
26.510	236.094	4.15	12.97
26.508	236.095	4.14	13.00
26.505	236.097	4.12	13.03
26.503	236.098	4.22	12.94
26.500	236.099	4.11	12.97
26.498	236.100	4.28	12.88
26.496	236.101	4.20	12.93
26.493	236.102	4.24	12.86
26.491	236.103	4.17	12.98
26.488	236.105	4.13	12.93
26.486	236.106	4.17	13.04
26.484	236.107	4.22	13.04
26.481	236.108	4.19	13.00
26.479	236.109	4.14	12.88
26.477	236.110	4.09	12.97
26.474	236.111	4.14	12.88
26.472	236.113	4.18	12.96
26.469	236.114	4.13	12.94
26.467	236.115	4.13	12.89
26.465	236.116	4.14	12.96
26.462	236.117	4.24	12.80
26.460	236.118	4.00	12.96
26.457	236.119	4.16	12.83
26.455	236.121	4.17	12.85
