Lat(D)	Lon(D)	H(m)	BS(dB)
26.534	291.915	-0.75	13.31
26.531	291.916	-0.74	13.43
26.529	291.917	-0.62	13.44
26.526	291.919	-0.73	13.19
26.524	291.920	-0.68	13.32
26.522	291.921	-0.77	13.42
26.519	291.922	-0.73	13.31
26.517	291.923	-0.70	13.24
26.514	291.924	-0.76	13.27
26.512	291.925	-0.74	13.50
26.510	291.927	-0.69	13.45
26.507	291.928	-0.69	13.46
26.505	291.929	-0.72	13.42
26.502	291.930	-0.73	13.31
26.500	291.931	-0.75	13.43
26.498	291.932	-0.72	13.35
26.495	291.933	-0.73	13.25
26.493	291.935	-0.69	13.34
26.491	291.936	-0.70	13.33
26.488	291.937	-0.78	13.30
26.486	291.938	-0.71	13.30
26.483	291.939	-0.78	13.37
26.481	291.940	-0.62	13.38
26.479	291.941	-0.71	13.31
26.476	291.943	-0.68	13.29
26.474	291.944	-0.80	13.35
26.471	291.945	-0.60	13.21
26.469	291.946	-0.62	13.30
26.467	291.947	-0.73	13.42
26.464	291.948	-0.71	13.36
26.462	291.949	-0.68	13.30
26.459	291.951	-0.69	13.21
26.457	291.952	-0.73	13.33
26.455	291.953	-0.71	13.16
