Lat(D)	Lon(D)	H(m)	BS(dB)
26.532	273.603	23.42	12.94
26.530	273.604	23.38	12.95
26.528	273.606	23.38	13.10
26.525	273.607	23.36	13.06
26.523	273.608	23.36	13.04
26.520	273.609	23.36	12.96
26.518	273.610	23.41	13.16
26.516	273.611	23.53	13.12
26.513	273.613	23.37	13.16
26.511	273.614	23.39	13.09
26.508	273.615	23.40	13.10
26.506	273.616	23.40	13.04
26.504	273.617	23.47	13.02
26.501	273.618	23.42	13.09
26.499	273.619	23.47	13.12
26.496	273.621	23.52	13.06
26.494	273.622	23.54	13.08
26.492	273.623	23.53	13.02
26.489	273.624	23.46	13.16
26.487	273.625	23.47	13.11
26.485	273.626	23.50	13.10
26.482	273.627	23.52	12.91
26.480	273.629	23.46	13.03
26.477	273.630	23.51	12.94
26.475	273.631	23.54	12.96
26.473	273.632	23.48	12.97
26.470	273.633	23.59	13.07
26.468	273.634	23.65	12.96
26.465	273.635	23.62	13.03
26.463	273.637	23.62	13.15
26.461	273.638	23.60	13.16
26.458	273.639	23.61	13.04
26.456	273.640	23.61	12.98
