Lat(D)	Lon(D)	H(m)	BS(dB)
26.533	5.375	680.12	19.19
26.531	5.376	680.32	24.05
26.529	5.377	680.45	24.56
26.526	5.379	680.74	25.60
26.524	5.380	680.93	23.63
26.521	5.381	680.63	24.42
26.519	5.382	680.53	24.84
26.517	5.383	680.53	21.83
26.514	5.384	680.43	21.22
26.512	5.385	680.12	21.47
26.509	5.387	680.14	17.74
26.507	5.388	679.56	17.86
26.505	5.389	679.30	15.88
26.502	5.390	678.77	15.96
26.500	5.391	677.67	17.51
26.497	5.392	677.27	16.78
26.495	5.393	676.27	17.12
26.493	5.395	675.04	16.62
26.490	5.396	674.40	16.68
26.488	5.397	666.92	17.60
26.485	5.398	666.76	17.21
26.483	5.399	670.53	17.38
26.481	5.400	665.79	17.04
26.478	5.401	666.10	16.71
26.476	5.403	666.06	15.83
26.474	5.404	664.83	15.79
26.471	5.405	664.35	15.39
26.469	5.406	663.72	15.31
26.466	5.407	663.40	14.77
26.464	5.408	662.82	14.43
26.462	5.409	662.07	14.02
26.459	5.411	661.97	13.52
26.457	5.412	661.43	13.21
26.454	5.413	661.29	13.12
