Lat(D)	Lon(D)	H(m)	BS(dB)
26.533	134.300	86.89	13.65
26.530	134.301	86.97	13.77
26.528	134.303	86.90	13.63
26.526	134.304	86.80	13.67
26.523	134.305	86.79	13.75
26.521	134.306	86.77	13.80
26.518	134.307	86.85	13.41
26.516	134.308	86.81	13.71
26.514	134.309	86.79	13.62
26.511	134.311	86.79	13.64
26.509	134.312	86.80	13.71
26.506	134.313	86.76	13.63
26.504	134.314	86.78	13.58
26.502	134.315	86.77	13.77
26.499	134.316	86.77	13.82
26.497	134.317	86.82	13.61
26.494	134.319	86.75	13.71
26.492	134.320	86.81	13.67
26.490	134.321	86.82	13.74
26.487	134.322	86.82	13.65
26.485	134.323	86.83	13.68
26.483	134.324	86.81	13.70
26.480	134.325	86.80	13.51
26.478	134.327	86.78	13.54
26.475	134.328	86.75	13.57
26.473	134.329	86.75	13.67
26.471	134.330	86.84	13.61
26.468	134.331	86.93	13.65
26.466	134.332	86.78	13.49
26.463	134.333	86.80	13.51
26.461	134.335	86.84	13.57
26.459	134.336	86.80	13.45
26.456	134.337	86.88	13.43
