Lat(D)	Lon(D)	H(m)	BS(dB)
26.534	310.541	28.58	11.96
26.531	310.542	28.60	12.12
26.529	310.543	28.55	12.19
26.527	310.544	28.70	12.04
26.524	310.545	28.59	12.04
26.522	310.546	28.63	11.88
26.519	310.548	28.46	12.14
26.517	310.549	28.69	12.02
26.515	310.550	28.67	12.13
26.512	310.551	28.63	12.02
26.510	310.552	28.66	12.11
26.507	310.553	28.63	11.97
26.505	310.554	28.60	12.17
26.503	310.556	28.64	12.12
26.500	310.557	28.57	12.01
26.498	310.558	28.65	12.02
26.495	310.559	28.62	12.18
26.493	310.560	28.68	12.01
26.491	310.561	28.62	12.05
26.488	310.562	28.60	12.03
26.486	310.564	28.54	11.89
26.484	310.565	28.55	12.08
26.481	310.566	28.52	12.12
26.479	310.567	28.60	12.21
26.476	310.568	28.55	12.01
26.474	310.569	28.57	12.09
26.472	310.570	28.63	12.13
26.469	310.572	28.60	12.02
26.467	310.573	28.63	12.01
26.464	310.574	28.60	12.04
26.462	310.575	28.60	12.22
26.460	310.576	28.62	12.13
26.457	310.577	28.64	12.15
26.455	310.578	28.56	12.05
