Lat(D)	Lon(D)	H(m)	BS(dB)
26.534	79.834	122.22	33.84
26.531	79.835	122.83	30.86
26.529	79.836	122.78	35.30
26.527	79.837	121.60	33.23
26.524	79.838	121.21	39.86
26.522	79.839	121.20	35.62
26.519	79.841	121.31	34.29
26.517	79.842	121.16	32.86
26.515	79.843	122.20	32.04
26.512	79.844	122.31	27.37
26.510	79.845	122.14	25.99
26.507	79.846	122.09	23.66
26.505	79.847	121.95	24.01
26.503	79.849	121.70	26.41
26.500	79.850	121.47	27.01
26.498	79.851	121.53	26.85
26.495	79.852	121.53	25.14
26.493	79.853	121.01	27.14
26.491	79.854	120.14	33.54
26.488	79.856	119.80	33.65
26.486	79.857	119.43	28.00
26.483	79.858	119.79	24.28
26.481	79.859	119.62	24.50
26.479	79.860	119.93	22.84
26.476	79.861	118.14	27.96
26.474	79.862	117.78	28.97
26.471	79.864	117.91	28.96
26.469	79.865	118.54	34.88
26.467	79.866	118.73	32.70
26.464	79.867	120.52	27.55
26.462	79.868	120.46	23.35
26.459	79.869	120.02	24.71
26.457	79.870	119.86	24.60
26.455	79.872	119.82	24.25
