Lat(D)	Lon(D)	H(m)	BS(dB)
26.532	92.302	56.18	40.68
26.529	92.304	55.85	39.22
26.527	92.305	55.91	37.09
26.524	92.306	55.77	32.81
26.522	92.307	55.67	32.25
26.520	92.308	55.90	30.78
26.517	92.309	55.90	28.14
26.515	92.311	55.71	30.21
26.512	92.312	55.94	32.50
26.510	92.313	55.63	32.58
26.507	92.314	55.63	35.96
26.505	92.315	55.63	34.41
26.503	92.316	55.73	24.04
26.500	92.317	55.64	29.19
26.498	92.319	55.46	32.82
26.495	92.320	55.50	31.80
26.493	92.321	55.60	31.47
26.490	92.322	55.67	30.59
26.488	92.323	55.67	29.98
26.485	92.324	55.41	33.94
26.483	92.326	55.47	30.71
26.481	92.327	55.56	28.81
26.478	92.328	55.63	24.50
26.476	92.329	55.62	24.54
26.473	92.330	55.54	24.71
26.471	92.331	55.59	25.56
26.468	92.333	55.73	24.35
26.466	92.334	55.66	24.81
26.464	92.335	55.42	28.87
26.461	92.336	55.42	31.69
26.459	92.337	55.39	32.43
26.456	92.338	55.52	33.87
