Lat(D)	Lon(D)	H(m)	BS(dB)
26.533	255.131	1632.36	9.31
26.531	255.132	1633.58	9.11
26.528	255.134	1635.56	8.96
26.526	255.135	1635.79	8.77
26.523	255.136	1635.35	9.12
26.521	255.137	1637.50	8.40
26.519	255.138	1637.60	8.58
26.516	255.139	1638.24	9.54
26.514	255.140	1637.92	9.30
26.511	255.142	1642.49	8.09
26.509	255.143	1638.80	8.54
26.507	255.144	1648.91	7.64
26.504	255.145	1641.92	7.61
26.502	255.146	1641.75	7.27
26.499	255.147	1642.70	6.84
26.497	255.148	1644.45	6.43
26.495	255.150	1648.71	5.99
26.492	255.151	1652.00	5.56
26.490	255.152	1652.67	4.98
26.488	255.153	1653.28	4.36
26.485	255.154	1654.21	4.30
26.483	255.155	1655.24	3.64
26.480	255.156	1656.29	3.37
26.478	255.158	1657.31	2.99
26.476	255.159	1658.48	2.73
26.473	255.160	1659.62	2.56
26.471	255.161	1661.06	2.59
26.468	255.162	1662.61	2.61
26.466	255.163	1664.26	2.57
26.464	255.164	1665.70	2.84
26.461	255.166	1667.49	2.25
26.459	255.167	1669.02	2.06
26.456	255.168	1670.71	1.89
