Lat(D)	Lon(D)	H(m)	BS(dB)
26.517	116.790	672.60	17.62
26.515	116.791	683.52	10.45
26.512	116.792	672.31	11.23
26.510	116.793	667.46	11.20
26.508	116.794	660.16	11.54
26.505	116.795	657.26	13.13
26.503	116.796	647.46	16.78
26.500	116.798	663.86	18.22
26.498	116.799	666.64	17.88
26.496	116.800	666.80	17.46
26.493	116.801	664.09	18.31
26.491	116.802	649.19	22.60
26.488	116.803	649.32	22.31
26.486	116.804	649.13	15.81
26.484	116.806	644.13	11.31
26.481	116.807	678.45	4.59
26.479	116.808	679.73	2.05
26.476	116.809	681.96	0.81
26.474	116.810	684.11	-0.30
26.472	116.811	687.03	-0.90
26.469	116.812	689.48	-1.33
26.467	116.814	692.10	-1.39
26.464	116.815	694.79	-1.27
26.462	116.816	697.28	-1.23
26.460	116.817	699.54	-2.32
26.457	116.818	701.89	-1.56
