Lat(D)	Lon(D)	H(m)	BS(dB)
26.749	93.615	75.61	45.65
26.746	93.616	75.60	43.30
26.744	93.617	75.63	43.34
26.741	93.618	75.64	44.46
26.739	93.620	75.56	42.16
26.737	93.621	75.55	39.80
26.734	93.622	75.62	42.83
26.732	93.623	75.95	44.01
26.729	93.624	75.93	44.43
26.727	93.625	75.89	46.65
26.724	93.627	75.86	49.43
26.722	93.628	75.89	50.51
26.720	93.629	76.27	46.50
26.717	93.630	76.35	49.19
26.715	93.631	76.42	46.46
26.712	93.633	76.48	47.12
26.710	93.634	76.36	52.91
26.707	93.635	76.34	52.96
26.705	93.636	76.31	46.57
26.703	93.637	76.29	44.33
26.700	93.638	76.29	43.70
