Lat(D)	Lon(D)	H(m)	BS(dB)
26.750	93.608	75.08	52.23
26.748	93.609	75.20	51.43
26.745	93.610	75.23	51.42
26.743	93.611	75.23	49.46
26.740	93.612	75.24	50.69
26.738	93.613	75.26	51.28
26.735	93.615	75.35	53.33
26.733	93.616	75.35	54.58
26.731	93.617	75.42	52.85
26.728	93.618	75.47	57.47
26.726	93.619	75.56	53.10
26.723	93.620	75.68	51.74
26.721	93.622	75.75	55.62
26.718	93.623	75.86	54.79
26.716	93.624	75.68	51.38
26.714	93.625	75.62	50.76
26.711	93.626	75.61	51.11
26.709	93.627	75.61	52.75
26.706	93.629	75.64	52.88
26.704	93.630	75.67	48.13
26.701	93.631	75.70	52.22
