Lat(D)	Lon(D)	H(m)	BS(dB)
26.748	93.617	70.24	39.49
26.746	93.618	70.53	42.04
26.743	93.619	70.99	43.79
26.741	93.620	71.42	46.38
26.738	93.621	70.96	49.68
26.736	93.622	70.90	49.70
26.733	93.624	70.89	49.44
26.731	93.625	70.48	45.23
26.729	93.626	70.46	40.80
26.726	93.627	70.82	42.00
26.724	93.628	70.80	40.84
26.721	93.629	69.89	36.12
26.719	93.631	70.28	33.86
26.716	93.632	70.34	32.76
26.714	93.633	70.14	32.17
26.712	93.634	70.38	31.83
26.709	93.635	70.69	30.06
26.707	93.636	72.97	29.03
26.704	93.638	71.31	29.84
26.702	93.639	71.38	32.51
