Lat(D)	Lon(D)	H(m)	BS(dB)
26.748	93.616	74.09	39.10
26.745	93.617	74.25	37.41
26.743	93.618	74.41	38.98
26.741	93.620	74.49	38.85
26.738	93.621	74.34	41.74
26.736	93.622	74.52	41.25
26.733	93.623	74.67	40.81
26.731	93.624	74.69	40.24
26.728	93.625	74.61	38.10
26.726	93.627	74.67	39.47
26.724	93.628	74.65	38.58
26.721	93.629	74.46	40.82
26.719	93.630	74.72	39.68
26.716	93.631	74.98	41.72
26.714	93.632	75.06	44.24
26.711	93.634	74.81	47.06
26.709	93.635	74.95	47.92
26.707	93.636	74.75	46.01
26.704	93.637	74.78	46.19
26.702	93.638	74.84	43.75
