Lat(D)	Lon(D)	H(m)	BS(dB)
26.750	93.617	74.86	48.58
26.747	93.618	74.92	43.46
26.745	93.619	75.27	45.24
26.742	93.620	75.34	50.54
26.740	93.621	75.26	50.61
26.738	93.622	75.23	54.43
26.735	93.624	75.19	55.67
26.733	93.625	75.16	56.73
26.730	93.626	75.14	55.56
26.728	93.627	75.12	56.36
26.725	93.628	75.11	57.76
26.723	93.629	75.57	51.65
26.721	93.631	75.55	53.28
26.718	93.632	75.43	56.47
26.716	93.633	75.48	54.70
26.713	93.634	75.52	50.14
26.711	93.635	75.62	50.64
26.708	93.636	75.64	53.62
26.706	93.638	75.60	47.40
26.704	93.639	75.56	45.13
26.701	93.640	75.51	52.30
