Lat(D)	Lon(D)	H(m)	BS(dB)
26.749	93.616	75.52	50.45
26.746	93.617	75.90	45.84
26.744	93.618	75.93	46.88
26.742	93.619	75.91	48.39
26.739	93.620	75.88	53.81
26.737	93.621	75.85	54.33
26.734	93.623	75.83	54.26
26.732	93.624	75.82	53.92
26.729	93.625	75.92	51.95
26.727	93.626	75.89	50.69
26.725	93.627	76.23	50.93
26.722	93.628	76.20	54.11
26.720	93.630	76.28	52.69
26.717	93.631	76.32	54.74
26.715	93.632	76.41	46.34
26.712	93.633	76.45	48.75
26.710	93.634	76.24	54.56
26.708	93.635	76.26	54.97
26.705	93.637	76.24	50.29
26.703	93.638	76.63	50.02
26.700	93.639	76.64	48.58
