Lat(D)	Lon(D)	H(m)	BS(dB)
26.750	93.617	75.54	52.17
26.747	93.618	75.60	43.02
26.745	93.620	75.62	50.83
26.742	93.621	75.68	52.96
26.740	93.622	75.91	52.99
26.737	93.623	75.93	52.85
26.735	93.624	75.93	52.96
26.733	93.625	75.89	55.44
26.730	93.627	75.85	57.32
26.728	93.628	75.84	52.78
26.725	93.629	75.83	52.92
26.723	93.630	75.85	53.30
26.720	93.631	76.08	52.48
26.718	93.632	76.21	53.01
26.715	93.634	76.24	46.79
26.713	93.635	76.23	50.38
26.711	93.636	75.91	55.09
26.708	93.637	75.95	55.03
26.706	93.638	76.04	45.03
26.703	93.639	76.28	42.15
26.701	93.641	76.26	50.67
