Lat(D)	Lon(D)	H(m)	BS(dB)
26.750	93.613	70.46	37.10
26.747	93.615	70.52	39.70
26.745	93.616	70.82	41.83
26.742	93.617	70.90	44.87
26.740	93.618	71.24	45.98
26.738	93.619	70.91	49.57
26.735	93.620	70.94	51.94
26.733	93.622	70.92	46.54
26.730	93.623	71.02	43.26
26.728	93.624	70.81	42.49
26.725	93.625	70.76	44.22
26.723	93.626	70.72	46.01
26.721	93.627	70.57	34.60
26.718	93.629	70.39	34.41
26.716	93.630	70.45	34.10
26.713	93.631	70.20	32.83
26.711	93.632	70.40	31.96
26.708	93.633	70.62	31.49
26.706	93.634	71.17	30.90
26.704	93.636	71.60	30.14
26.701	93.637	71.64	36.84
