Lat(D)	Lon(D)	H(m)	BS(dB)
26.748	93.610	71.77	37.59
26.745	93.611	71.71	43.48
26.743	93.612	71.42	44.20
26.740	93.613	71.20	46.52
26.738	93.615	71.17	48.33
26.736	93.616	71.16	46.71
26.733	93.617	71.13	49.65
26.731	93.618	71.11	47.14
26.728	93.619	70.95	41.60
26.726	93.620	70.69	37.72
26.723	93.622	72.49	37.02
26.721	93.623	72.46	33.29
26.719	93.624	72.40	32.67
26.716	93.625	71.90	31.72
26.714	93.626	72.20	31.12
26.711	93.627	72.35	32.67
26.709	93.629	72.52	36.29
26.706	93.630	72.49	36.37
26.704	93.631	73.00	34.48
26.702	93.632	73.73	36.33
