Lat(D)	Lon(D)	H(m)	BS(dB)
26.748	93.616	69.40	37.35
26.745	93.617	69.56	39.66
26.743	93.618	70.18	42.17
26.740	93.619	70.78	44.34
26.738	93.620	70.06	47.17
26.736	93.621	70.10	52.64
26.733	93.623	69.80	44.86
26.731	93.624	69.64	40.87
26.728	93.625	70.67	38.40
26.726	93.626	71.40	48.37
26.723	93.627	71.38	46.42
26.721	93.628	71.35	32.03
26.719	93.630	68.77	31.44
26.716	93.631	69.12	31.57
26.714	93.632	69.24	31.41
26.711	93.633	69.87	30.44
26.709	93.634	73.21	28.51
26.706	93.636	73.08	28.63
26.704	93.637	71.98	30.08
26.702	93.638	72.09	34.57
