Lat(D)	Lon(D)	H(m)	BS(dB)
26.750	93.609	73.15	47.15
26.747	93.610	73.13	49.37
26.745	93.611	73.29	49.36
26.742	93.612	73.58	52.67
26.740	93.613	73.57	53.46
26.738	93.615	73.50	56.35
26.735	93.616	73.48	53.50
26.733	93.617	73.45	52.04
26.730	93.618	73.44	50.77
26.728	93.619	73.45	46.40
26.725	93.620	73.38	47.72
26.723	93.622	73.36	50.35
26.721	93.623	73.41	42.07
26.718	93.624	73.59	37.32
26.716	93.625	73.72	43.55
26.713	93.626	73.78	47.73
26.711	93.627	73.81	47.01
26.708	93.629	73.49	46.32
26.706	93.630	73.83	42.24
26.703	93.631	73.82	42.05
26.701	93.632	73.79	43.72
